0 0.678356 0.179060 0.039903 0.074359
0 0.129081 0.326923 0.107013 0.117094
0 0.209794 0.488889 0.148730 0.131624
0 0.802600 0.875641 0.055018 0.108547
0 0.712515 0.389316 0.085248 0.135897
0 0.876965 0.264103 0.131197 0.413675
0 0.354293 0.231624 0.244256 0.299145
1 0.855502 0.120085 0.042322 0.064103
1 0.294740 0.131624 0.036880 0.054701
1 0.671403 0.161111 0.018742 0.024786
1 0.716747 0.359402 0.029625 0.036752
1 0.151451 0.313248 0.040508 0.043590
2 0.248186 0.755983 0.493954 0.363248
2 0.659915 0.173504 0.229141 0.186325
2 0.639359 0.364103 0.272672 0.189744
2 0.254534 0.475214 0.402660 0.155556
2 0.348247 0.191453 0.293833 0.382906
2 0.863362 0.270513 0.168077 0.376923
2 0.123640 0.233333 0.138452 0.299145
2 0.746977 0.703846 0.400846 0.462393
3 0.780834 0.102137 0.036880 0.067521
3 0.159008 0.948291 0.182588 0.021368
3 0.217352 0.118376 0.036880 0.074359
3 0.198005 0.279060 0.010278 0.036752
3 0.563785 0.257692 0.035671 0.045299
3 0.238815 0.642308 0.042322 0.093162
3 0.769045 0.298291 0.016929 0.066667
3 0.104293 0.456410 0.061064 0.100855
3 0.353990 0.614530 0.021161 0.090598
3 0.426239 0.469658 0.010883 0.105128
3 0.938331 0.090598 0.009674 0.042735
3 0.071040 0.150855 0.045345 0.117094
3 0.861850 0.808120 0.040508 0.067521
3 0.588271 0.586752 0.036276 0.036752